"age-ka","stacked"
0,0.2930304
1,0.3093888
2,0.3749178
3,0.3787543
4,0.3351219
5,0.337926
6,0.3043804
7,0.319044
8,0.291066
9,0.2840633
10,0.2409181
11,0.1970465
12,0.1654158
13,0.08924902
14,-0.03740238
15,-0.05093966
16,-0.04204893
17,-0.08668078
18,-0.06317506
19,0.06019904
20,0.1035786
21,0.1262813
22,0.1365947
23,0.1571689
24,0.1640124
25,0.1659086
26,0.1490213
27,0.1772642
28,0.2449537
29,0.3242741
30,0.368049
31,0.3881388
32,0.4172431
33,0.4707475
34,0.4696405
35,0.4759234
36,0.4827203
37,0.502232
38,0.5277593
39,0.5193285
40,0.5433248
41,0.5617109
42,0.5353982
43,0.4786934
44,0.4788868
45,0.4866101
46,0.5141689
47,0.5375172
48,0.5438645
49,0.5470496
50,0.5694627
51,0.521526
52,0.5402263
53,0.5153414
54,0.5112565
55,0.5079053
56,0.4684049
57,0.4231144
58,0.3644782
59,0.3495668
60,0.3467783
61,0.3177442
62,0.3248437
63,0.3502139
64,0.3002914
65,0.2220115
66,0.2135206
67,0.194242
68,0.1762443
69,0.2964871
70,0.3503045
71,0.3611106
72,0.4207912
73,0.4689029
74,0.50405
75,0.5757173
76,0.6411715
77,0.6665869
78,0.6648054
79,0.6716492
80,0.692548
81,0.6950906
82,0.6833421
83,0.6803024
84,0.6703843
85,0.6739312
86,0.6707081
87,0.6926382
88,0.6819053
89,0.6727982
90,0.6675441
91,0.6656291
92,0.6708866
93,0.6752127
94,0.6877216
95,0.6949608
96,0.6914628
97,0.6986549
98,0.708693
99,0.7096243
100,0.7232183
101,0.7190789
102,0.7016802
103,0.716763
104,0.7189105
105,0.7055295
106,0.7107854
107,0.6987778
108,0.7050737
109,0.6991518
110,0.686848
111,0.6589881
112,0.6645579
113,0.6689211
114,0.6570036
115,0.6347648
116,0.6244068
117,0.6123636
118,0.5858805
119,0.5854591
120,0.5997613
121,0.5883682
122,0.5689524
123,0.5540894
124,0.5393286
125,0.5098174
126,0.4648895
127,0.4001673
128,0.2519053
129,0.1128466
130,0.04719645
131,-0.1593828
132,-0.1676609
133,-0.2388096
134,-0.1101247
135,-0.04950586
136,0.01179482
137,0.09442184
138,0.1722277
139,0.1949264
140,0.2105817
141,0.2153249
142,0.2101445
143,0.1851371
144,0.2016872
145,0.2152844
146,0.1711428
147,0.1884933
148,0.1473481
149,0.1558852
150,0.1432723
151,0.1271372
152,0.09471814
153,0.0573582
154,0.05761871
155,-0.0112627
156,-0.03016132
157,-0.1064437
158,-0.2181406
159,-0.1774406
160,-0.04737389
161,0.06207968
162,0.2386509
163,0.4783811
164,0.4903458
165,0.5425696
166,0.5801767
167,0.5682578
168,0.5623593
169,0.5618353
170,0.5399565
171,0.5420694
172,0.5212622
173,0.4905871
174,0.4745769
175,0.4297378
176,0.3525512
177,0.303753
178,0.2376843
179,0.2175406
180,0.1315096
181,0.1426519
182,0.1534248
183,0.1836365
184,0.1813428
185,0.1920774
186,0.1839276
187,0.2287132
188,0.249016
189,0.3302733
190,0.399019
191,0.4248756
192,0.5142168
193,0.549548
194,0.5869133
195,0.5651008
196,0.5640272
197,0.5793012
198,0.5963365
199,0.5928378
200,0.6071175
201,0.5979651
202,0.5994902
203,0.5991504
204,0.588056
205,0.5763655
206,0.5653704
207,0.5558925
208,0.5430569
209,0.5683109
210,0.5592533
211,0.5485423
212,0.5626098
213,0.5642053
214,0.5750228
215,0.5735996
216,0.5801533
217,0.5856923
218,0.5296939
219,0.4280209
220,0.3596819
221,0.3061568
222,0.2277067
223,0.2265185
224,0.1289293
225,0.09673538
226,0.09540673
227,0.07489438
228,0.09287162
229,0.1872269
230,0.2394989
231,0.3172361
232,0.3585129
233,0.3901487
234,0.4913706
235,0.5441799
236,0.5755932
237,0.6168696
238,0.6219312
239,0.5941249
240,0.5577231
241,0.5550947
242,0.5433393
243,0.5306178
244,0.5198903
245,0.4843284
246,0.4780107
247,0.434016
248,0.4109361
249,0.4512544
250,0.4159129
251,0.409751
252,0.3997363
253,0.4144244
254,0.4275769
255,0.4400612
256,0.4537184
257,0.4635632
258,0.4857424
259,0.4713137
260,0.4964668
261,0.5086604
262,0.5191647
263,0.5170176
264,0.5126724
265,0.5151675
266,0.4653915
267,0.4579667
268,0.416397
269,0.4034464
270,0.3931468
271,0.3309352
272,0.3309645
273,0.3189601
274,0.3072949
275,0.288359
276,0.2693582
277,0.2756296
278,0.3029509
279,0.3359931
280,0.3524044
281,0.3469282
282,0.3486523
283,0.3452842
284,0.334396
285,0.3598015
286,0.3617089
287,0.3477956
288,0.3404271
289,0.3189502
290,0.3163966
291,0.3135627
292,0.3038607
293,0.2923498
294,0.2785541
295,0.2516593
296,0.2769635
297,0.2626181
298,0.2374814
299,0.2347671
300,0.2423831
301,0.2287731
302,0.270646
303,0.3181063
304,0.4079369
305,0.3866186
306,0.5040216
307,0.5822026
308,0.6652799
309,0.6669188
310,0.6663306
311,0.6198289
312,0.6173138
313,0.6109066
314,0.566813
315,0.5810866
316,0.5698096
317,0.5586234
318,0.5522226
319,0.5482806
320,0.5361516
321,0.5471269
322,0.5409271
323,0.5568172
324,0.5500592
325,0.5594209
326,0.5661958
327,0.5610468
328,0.563043
329,0.5380458
330,0.5336159
331,0.5434392
332,0.5314004
333,0.5270433
334,0.475205
335,0.4274953
336,0.3666727
337,0.259215
338,0.1346914
339,-0.01543979
340,-0.01752971
341,-0.0752413
342,-0.07769108
343,0.01538801
344,0.1223215
345,0.1755093
346,0.1985105
347,0.241038
348,0.2664051
349,0.2423997
350,0.2630182
351,0.2845552
352,0.2876379
353,0.2683617
354,0.2431833
355,0.2207757
356,0.2357079
357,0.2546688
358,0.2526903
359,0.3241647
360,0.3835683
361,0.4419741
362,0.4543579
363,0.4645574
364,0.460872
365,0.4695362
366,0.4880306
367,0.4969465
368,0.4959414
369,0.5229605
370,0.5241243
371,0.5287626
372,0.52529
373,0.5132121
374,0.5312957
375,0.5108645
376,0.5235538
377,0.5421605
378,0.549382
379,0.5591345
380,0.5629967
381,0.5351575
382,0.5347201
383,0.5420228
384,0.5355008
385,0.5274448
386,0.5278628
387,0.5373889
388,0.5184478
389,0.5231915
390,0.5053462
391,0.5023409
392,0.4985596
393,0.5148253
394,0.5328856
395,0.5434507
396,0.5397841
397,0.5326044
398,0.5541356
399,0.5829208
400,0.6153615
401,0.6794999
402,0.7280478
403,0.7297602
404,0.7150152
405,0.7133049
406,0.7285866
407,0.7060883
408,0.7099528
409,0.635451
410,0.6060647
411,0.5652537
412,0.5203034
413,0.4301251
414,0.3016686
415,0.1611968
416,0.07971615
417,0.1583715
418,0.1603267
419,0.3274053
420,0.3920319
421,0.3564212
422,0.3670478
423,0.3499823
424,0.3153938
425,0.2667064
426,0.2663259
427,0.247792
428,0.2364677
429,0.217771
430,0.2586207
431,0.2483655
432,0.2578788
433,0.2676856
434,0.3176739
435,0.3666885
436,0.4095284
437,0.4029676
438,0.4827352
439,0.4765656
440,0.4887245
441,0.5223395
442,0.5225385
443,0.5253616
444,0.5457998
445,0.5317927
446,0.5285783
447,0.5319402
448,0.5344757
449,0.5535855
450,0.5326754
451,0.5475835
452,0.5275338
453,0.5366538
454,0.5554654
455,0.562198
456,0.5533852
457,0.5508026
458,0.5518855
459,0.5719817
460,0.5422794
461,0.4903422
462,0.4482739
463,0.464635
464,0.4423943
465,0.4234008
466,0.402365
467,0.405684
468,0.3826602
469,0.3906796
470,0.364741
471,0.3463555
472,0.3377768
473,0.3542176
474,0.4074535
475,0.4352008
476,0.5159731
477,0.5618708
478,0.6031806
479,0.6580153
480,0.7359078
481,0.7082164
482,0.8121452
483,0.8109334
484,0.8200151
485,0.8148729
486,0.8046967
487,0.7875654
488,0.78334
489,0.7783502
490,0.7641312
491,0.7738684
492,0.8082687
493,0.7981534
494,0.8187548
495,0.8669912
496,0.8798696
497,0.8777953
498,0.867434
499,0.8745937
500,0.8841263
501,0.874018
502,0.8684279
503,0.864965
504,0.8620428
505,0.8434007
506,0.8782902
507,0.8615622
508,0.8498871
509,0.8477126
510,0.8378464
511,0.8311431
512,0.825608
513,0.8121806
514,0.823281
515,0.8215959
516,0.8240455
517,0.8344606
518,0.8423678
519,0.8448367
520,0.8410001
521,0.8307544
522,0.8219201
523,0.8148302
524,0.8130339
525,0.8081456
526,0.8043198
527,0.8005753
528,0.7925385
529,0.7976696
530,0.7874245
531,0.7597126
532,0.7405777
533,0.7444748
534,0.7124768
535,0.7186913
536,0.7093995
537,0.7107551
538,0.6862498
539,0.6684065
540,0.6468119
541,0.6556177
542,0.6417956
543,0.6169082
544,0.6877859
545,0.7045575
546,0.7137157
547,0.7249427
548,0.7485436
549,0.7648124
550,0.7639784
551,0.7705813
552,0.785908
553,0.778673
554,0.7739184
555,0.7662448
556,0.7668772
557,0.792373
558,0.7577427
559,0.7545789
560,0.7438608
561,0.7575197
562,0.7481839
563,0.789885
564,0.800562
565,0.7965677
566,0.834532
567,0.8359166
568,0.817234
569,0.8155355
570,0.8305638
571,0.8274724
572,0.8359704
573,0.8379697
574,0.8502456
575,0.8348625
576,0.8336336
577,0.8198943
578,0.7965931
579,0.7566799
580,0.7418278
581,0.7365168
582,0.723033
583,0.6891419
584,0.6819358
585,0.676266
586,0.6548045
587,0.6598736
588,0.6419467
589,0.6505376
590,0.6513779
591,0.6801487
592,0.6653861
593,0.6641309
594,0.7045443
595,0.7844405
596,0.7708483
597,0.7866691
598,0.8163732
599,0.8190833
600,0.8071887
601,0.797406
602,0.8000383
603,0.7969232
604,0.8045262
605,0.8121461
606,0.8001528
607,0.7948172
608,0.7750915
609,0.7652492
610,0.7550126
611,0.7592183
612,0.7656306
613,0.7674789
614,0.7449169
615,0.7216098
616,0.7133455
617,0.7333906
618,0.7322075
619,0.7372126
620,0.6781123
621,0.5234227
622,0.3802609
623,0.2913723
624,0.183165
625,0.1805152
626,0.1602755
627,0.1945988
628,0.1706865
629,0.2370895
630,0.2149225
631,0.2252435
632,0.2016433
633,0.2796051
634,0.3575172
635,0.3866839
636,0.3901151
637,0.4108028
638,0.4180105
639,0.4233406
640,0.4057852
641,0.3881367
642,0.3939368
643,0.4282211
644,0.4309993
645,0.4404303
646,0.4384319
647,0.4581596
648,0.4365705
649,0.4367146
650,0.4360953
651,0.3807294
652,0.3712154
653,0.3703658
654,0.274803
655,0.2835622
656,0.15586
657,0.1277337
658,0.03047743
659,0.1047747
660,0.3446123
661,0.6065134
662,0.6568649
663,0.6207774
664,0.6265129
665,0.6413674
666,0.6664075
667,0.6517978
668,0.6452505
669,0.6416965
670,0.6082904
671,0.5768837
672,0.5468367
673,0.4714881
674,0.4606818
675,0.4499013
676,0.4419526
677,0.4460121
678,0.4353217
679,0.3906727
680,0.393406
681,0.4024943
682,0.5198346
683,0.6273892
684,0.7285814
685,0.8139567
686,0.8172439
687,0.8110372
688,0.8219986
689,0.832826
690,0.8209701
691,0.8376769
692,0.8407685
693,0.8303488
694,0.8166566
695,0.7971601
696,0.7941898
697,0.7726459
698,0.7620056
699,0.7339799
700,0.7322832
701,0.7311027
702,0.7085693
703,0.7051024
704,0.6906364
705,0.697442
706,0.6985964
707,0.681868
708,0.683107
709,0.666846
710,0.6678101
711,0.6030432
712,0.5851592
713,0.5525321
714,0.4987787
715,0.4663743
716,0.4233439
717,0.3932135
718,0.3832829
719,0.3514181
720,0.3764936
721,0.3855367
722,0.4280074
723,0.4512132
724,0.4877881
725,0.5119979
726,0.5201795
727,0.5357531
728,0.5514038
729,0.5863014
730,0.6538824
731,0.660804
732,0.6679149
733,0.6842213
734,0.6861417
735,0.6746862
736,0.6785688
737,0.7049345
738,0.7237898
739,0.7181097
740,0.725536
741,0.7428443
742,0.7631642
743,0.7541264
744,0.7455885
745,0.7341024
746,0.727302
747,0.7267073
748,0.7318055
749,0.7059572
750,0.686448
751,0.6322222
752,0.5906248
753,0.5703724
754,0.5525638
755,0.5828208
756,0.573325
757,0.6053767
758,0.6095504
759,0.6258743
760,0.6493065
761,0.6607285
762,0.6993824
763,0.6982132
764,0.6842986
765,0.6834424
766,0.6629748
767,0.674096
768,0.6971856
769,0.6987702
770,0.6956123
771,0.6738399
772,0.6695729
773,0.6865593
774,0.6795324
775,0.7037295
776,0.6977857
777,0.6919366
778,0.7239985
779,0.7347151
780,0.7165776
781,0.724396
782,0.7198756
783,0.7040244
784,0.7092724
785,0.7095932
786,0.6968353
787,0.6442098
788,0.5585452
789,0.5397121
790,0.5324603
791,0.494183
792,0.4800126
793,0.4122852
794,0.3842486
795,0.3707163
796,0.386178
797,0.3742513
798,0.4095353
799,0.4800169
800,0.5025762
801,0.5206262
802,0.5221671
803,0.5027456
804,0.4652343
805,0.4020088
806,0.386469
807,0.3881037
808,0.4017075
809,0.4066953
810,0.444988
811,0.4555228
812,0.4533814
813,0.4869428
814,0.4932497
815,0.518698
816,0.5145134
817,0.6035076
818,0.6187369
819,0.6269557
820,0.6528491
821,0.6790907
822,0.6472221
823,0.676043
824,0.7077091
825,0.7046129
826,0.7003772
827,0.698788
828,0.6747251
829,0.7191481
830,0.7337968
831,0.7677218
832,0.7548959
833,0.7494441
834,0.7541227
835,0.7778925
836,0.7814012
837,0.7826103
838,0.7938335
839,0.7815825
840,0.8049877
841,0.8117757
842,0.8082422
843,0.8027755
844,0.8153293
845,0.7835426
846,0.7884378
847,0.7609611
848,0.765698
849,0.7681695
850,0.7341593
851,0.7735903
852,0.7821403
853,0.7499666
854,0.7587358
855,0.7618535
856,0.7536125
857,0.7471756
858,0.7413006
859,0.7068746
860,0.6902481
861,0.6797819
862,0.6857535
863,0.6407883
864,0.6102692
865,0.5406082
866,0.4758608
867,0.3430564
868,0.2097211
869,0.07442335
870,-0.1636007
871,-0.2727808
872,-0.1719091
873,0.04307694
874,0.2276471
875,0.3523166
876,0.3647704
877,0.4342624
878,0.4922132
879,0.5308546
880,0.500571
881,0.5266043
882,0.4770288
883,0.4342145
884,0.4679682
885,0.4128312
886,0.3666345
887,0.3851041
888,0.3671095
889,0.3552695
890,0.3438605
891,0.3695873
892,0.325292
893,0.3106941
894,0.340734
895,0.4236973
896,0.4691817
897,0.4874199
898,0.5001294
899,0.5289261
900,0.568576
901,0.6341593
902,0.6262909
903,0.6588611
904,0.6736546
905,0.6629995
906,0.7153618
907,0.6992669
908,0.7300233
909,0.7110778
910,0.6979593
911,0.6977297
912,0.6713295
913,0.6518685
914,0.6754606
915,0.6259159
916,0.5957525
917,0.5692178
918,0.4714671
919,0.3334136
920,0.1469343
921,0.1213375
922,0.1084923
923,0.1189277
924,0.05523562
925,0.1821089
926,0.1932096
927,0.2831552
928,0.3610319
929,0.3696831
930,0.4017143
931,0.4694184
932,0.487727
933,0.5254651
934,0.5461031
935,0.5575974
936,0.5776399
937,0.5139135
938,0.5053336
939,0.5196757
940,0.5966518
941,0.5958045
942,0.6185688
943,0.6553104
944,0.6924842
945,0.7418912
946,0.750264
947,0.7910892
948,0.7954391
949,0.8041493
950,0.845929
951,0.8465487
952,0.8558493
953,0.8407745
954,0.8295777
955,0.7856621
956,0.7728681
957,0.7660108
958,0.7541845
959,0.7220033
960,0.6568316
961,0.6842694
962,0.6054243
963,0.6173418
964,0.5744307
965,0.58796
966,0.5901308
967,0.5753952
968,0.5982638
969,0.6097995
970,0.6473607
971,0.6816794
972,0.7012481
973,0.7206014
974,0.7310289
975,0.749468
976,0.7526144
977,0.7616826
978,0.7590622
979,0.7695231
980,0.7417954
981,0.7182473
982,0.7004647
983,0.6871392
984,0.7281051
985,0.7176139
986,0.7122921
987,0.7127057
988,0.7176505
989,0.7069818
990,0.6976178
991,0.6836818
992,0.6779618
993,0.6849922
994,0.6933929
995,0.6827182
996,0.6884317
997,0.6974819
998,0.6825874
999,0.6754716
1000,0.692549
1001,0.6981888
1002,0.6737538
1003,0.6661729
1004,0.6651773
1005,0.6611524
1006,0.6572047
1007,0.6570193
1008,0.6526979
1009,0.6571866
1010,0.6619226
1011,0.6763884
1012,0.6801442
1013,0.7019468
1014,0.6979392
1015,0.7490087
1016,0.7336119
1017,0.7682964
1018,0.7588848
1019,0.7670676
1020,0.805937
1021,0.7972719
1022,0.8229777
1023,0.8363081
1024,0.8414727
1025,0.835156
1026,0.8308454
1027,0.832179
1028,0.828644
1029,0.8276375
1030,0.8255504
1031,0.829612
1032,0.8220345
1033,0.8049933
1034,0.8029603
1035,0.778028
1036,0.7972378
1037,0.7945073
1038,0.8094012
1039,0.7954478
1040,0.7870059
1041,0.7936846
1042,0.8091432
1043,0.7971252
1044,0.7866236
1045,0.7775819
1046,0.7859371
1047,0.7849272
1048,0.7447011
1049,0.7197421
1050,0.7012787
1051,0.7044506
1052,0.7148433
1053,0.6980942
1054,0.6831493
1055,0.6775903
1056,0.6885578
1057,0.6940911
1058,0.6832373
1059,0.6922492
1060,0.7181014
1061,0.7287304
1062,0.7292581
1063,0.7516736
1064,0.7889445
1065,0.8097142
1066,0.8278641
1067,0.8256824
1068,0.837501
1069,0.8257818
1070,0.8112692
1071,0.7955236
1072,0.8036265
1073,0.7765321
1074,0.7899011
1075,0.791778
1076,0.7637408
1077,0.7335849
1078,0.730732
1079,0.7306374
1080,0.7221266
1081,0.6950813
1082,0.7018313
1083,0.7148962
1084,0.6932377
1085,0.7201905
1086,0.7153031
1087,0.7544987
1088,0.7504764
1089,0.7538363
1090,0.727281
1091,0.7321112
1092,0.754014
1093,0.7624114
1094,0.7489709
1095,0.7294579
1096,0.7311834
1097,0.7056955
1098,0.7180938
1099,0.7190947
1100,0.7406747
1101,0.7726842
1102,0.7672844
1103,0.7873505
1104,0.8140485
1105,0.8233073
1106,0.840552
1107,0.8339901
1108,0.8391701
1109,0.8392603
1110,0.8439378
1111,0.8316228
1112,0.8298274
1113,0.8496325
1114,0.8485174
1115,0.8472124
1116,0.8124241
1117,0.7903069
1118,0.7895265
1119,0.7515714
1120,0.7425009
1121,0.6655806
1122,0.7184023
1123,0.6948777
1124,0.6727619
1125,0.6823462
1126,0.660495
1127,0.6885926
1128,0.631047
1129,0.5931692
1130,0.5629845
1131,0.5270728
1132,0.5255916
1133,0.511931
1134,0.5166467
1135,0.5192652
1136,0.5274042
1137,0.5200783
1138,0.5083098
1139,0.5254723
1140,0.5599176
1141,0.5600104
1142,0.5454845
1143,0.5659858
1144,0.5599166
1145,0.5865487
1146,0.5568523
1147,0.5359479
1148,0.489877
1149,0.4727048
1150,0.4726239
1151,0.4246661
1152,0.3984106
1153,0.3736136
1154,0.3806851
1155,0.4448044
1156,0.5437343
1157,0.6857638
1158,0.7478961
1159,0.7764288
1160,0.7675899
1161,0.7728927
1162,0.7983536
1163,0.7969779
1164,0.8146257
1165,0.8096871
1166,0.7990685
1167,0.7913604
1168,0.805384
1169,0.8178858
1170,0.8113704
1171,0.804025
1172,0.8160142
1173,0.8092614
1174,0.8153288
1175,0.8483278
1176,0.8434118
1177,0.8318864
1178,0.8414737
1179,0.8413382
1180,0.8448834
1181,0.8446118
1182,0.8412334
1183,0.8378605
1184,0.8308724
1185,0.8314425
1186,0.8368646
1187,0.809913
1188,0.8121343
1189,0.8134494
1190,0.8112826
1191,0.8048073
1192,0.8024468
1193,0.8079224
1194,0.8191756
1195,0.7521248
1196,0.7290456
1197,0.7380331
1198,0.7562734
1199,0.760893
1200,0.7678145
1201,0.7461623
1202,0.7445385
1203,0.7499441
1204,0.7268739
1205,0.7333772
1206,0.7216595
1207,0.6971086
1208,0.6873145
1209,0.6391817
1210,0.568997
1211,0.5551621
1212,0.5454048
1213,0.4612933
1214,0.4456563
1215,0.4854586
1216,0.4722321
1217,0.5313554
1218,0.5496695
1219,0.5795957
1220,0.5886699
1221,0.5893312
1222,0.589528
1223,0.6071215
1224,0.6523404
1225,0.6540337
1226,0.6717699
1227,0.6319517
1228,0.6455652
1229,0.638793
1230,0.6453561
1231,0.6350589
1232,0.6379216
1233,0.6276528
1234,0.6084901
1235,0.6099416
1236,0.6212776
1237,0.5869499
1238,0.5648615
1239,0.5095571
1240,0.4343125
1241,0.3061938
1242,0.2727724
1243,0.2625651
1244,0.1226184
1245,0.02657393
1246,-0.0853555
1247,-0.1806944
1248,-0.3862172
1249,-0.5365863
1250,-0.5465849
1251,-0.5836256
1252,-0.6115665
1253,-0.4528461
1254,-0.3047713
1255,-0.1046949
1256,0.06022842
1257,0.2257229
1258,0.362018
1259,0.4429105
1260,0.4807933
1261,0.4929126
1262,0.4937885
1263,0.5614332
1264,0.608705
1265,0.6230862
1266,0.6127557
1267,0.6411245
1268,0.6839199
1269,0.7042448
1270,0.6772156
1271,0.6793203
1272,0.6992968
1273,0.7089453
1274,0.7150068
1275,0.7217229
1276,0.7390372
1277,0.7070044
1278,0.7120062
1279,0.6751325
1280,0.6914968
1281,0.708936
1282,0.537738
1283,0.5104043
1284,0.5373064
1285,0.4218527
1286,0.5069581
1287,0.5230217
1288,0.5440454
1289,0.5737469
1290,0.5679376
1291,0.5819622
1292,0.6170011
1293,0.6782793
1294,0.7019817
1295,0.7001512
1296,0.7352473
1297,0.7390494
1298,0.7642575
1299,0.7753822
1300,0.7626718
1301,0.7640808
1302,0.7745221
1303,0.7771169
1304,0.7785783
1305,0.7654514
1306,0.7448761
1307,0.7780383
1308,0.791405
1309,0.7988884
1310,0.8336563
1311,0.8160971
1312,0.7912281
1313,0.7944246
1314,0.8044454
1315,0.8099489
1316,0.7942562
1317,0.7673252
1318,0.7687691
1319,0.7268836
1320,0.6946055
1321,0.717716
1322,0.7299203
1323,0.6832348
1324,0.613579
1325,0.5674099
1326,0.6361009
1327,0.679325
1328,0.7098274
1329,0.7338889
1330,0.7404149
1331,0.7574422
1332,0.7433245
1333,0.7751747
1334,0.7541535
1335,0.7322892
1336,0.7113873
1337,0.699668
1338,0.7092158
1339,0.7237564
1340,0.7459301
1341,0.7482235
1342,0.7813157
1343,0.790814
1344,0.769866
1345,0.7590184
1346,0.7823598
1347,0.7761919
1348,0.7917756
1349,0.7755738
1350,0.8025773
1351,0.8561575
1352,0.8436919
1353,0.8574505
1354,0.8624496
1355,0.8517501
1356,0.857816
1357,0.8691549
1358,0.8661503
1359,0.8327392
1360,0.818794
1361,0.8374077
1362,0.826591
1363,0.8092967
1364,0.8311416
1365,0.8161508
1366,0.7767956
1367,0.7258927
1368,0.7623165
1369,0.7380157
1370,0.7384181
1371,0.7081308
1372,0.73215
1373,0.7138737
1374,0.7176506
1375,0.7105712
1376,0.7501532
1377,0.7347993
1378,0.7257094
1379,0.7307808
1380,0.7152515
1381,0.7011707
1382,0.6490744
1383,0.6393718
1384,0.6785021
1385,0.6823612
1386,0.6778072
1387,0.7022339
1388,0.6881539
1389,0.7284243
1390,0.752765
1391,0.7739615
1392,0.7851288
1393,0.7841944
1394,0.7912865
1395,0.8079694
1396,0.7816494
1397,0.7689764
1398,0.7860937
1399,0.7875183
1400,0.777807
1401,0.8066874
1402,0.7866658
1403,0.7740937
1404,0.793027
1405,0.7794395
1406,0.7624967
1407,0.7756914
1408,0.776625
1409,0.762523
1410,0.750476
1411,0.7178981
1412,0.705722
1413,0.724351
1414,0.7184018
1415,0.7001749
1416,0.6952447
1417,0.6903447
1418,0.6855523
1419,0.6601769
1420,0.6425218
1421,0.6348248
1422,0.6351857
1423,0.6443228
1424,0.6672688
1425,0.6821088
1426,0.6751556
1427,0.6856478
1428,0.7043411
1429,0.7029539
1430,0.6915393
1431,0.6406801
1432,0.6241472
1433,0.6424205
1434,0.6212591
1435,0.5963476
1436,0.5927146
1437,0.6178837
1438,0.6058886
1439,0.6818323
1440,0.6565611
1441,0.7288086
1442,0.7537898
1443,0.7945728
1444,0.8247576
1445,0.8562589
1446,0.851496
1447,0.8555244
1448,0.8416688
1449,0.8249952
1450,0.8102736
1451,0.7867275
1452,0.7638426
1453,0.7344238
1454,0.7402686
1455,0.6925021
1456,0.589125
1457,0.5188123
1458,0.5358654
1459,0.5301501
1460,0.4995847
1461,0.5198429
1462,0.5781057
1463,0.6121963
1464,0.7155604
1465,0.7205104
1466,0.7622892
1467,0.7805724
1468,0.7874207
1469,0.8371313
1470,0.8409569
1471,0.866411
1472,0.8567538
1473,0.8530918
1474,0.8480474
1475,0.874206
1476,0.8618628
1477,0.872452
1478,0.8550794
1479,0.8633897
1480,0.8698533
1481,0.8285797
1482,0.8061409
1483,0.8386183
1484,0.8609182
1485,0.8304613
1486,0.819003
1487,0.8371007
1488,0.8034368
1489,0.8174335
1490,0.8202644
1491,0.7979305
1492,0.8049271
1493,0.7853088
1494,0.7528496
1495,0.7385515
1496,0.7426004
1497,0.6981717
1498,0.6849291
1499,0.7059703
1500,0.7066987
1501,0.7028745
1502,0.6580148
1503,0.7166125
1504,0.755828
1505,0.7445025
1506,0.7512566
1507,0.7864237
1508,0.7585655
1509,0.7676289
1510,0.7946088
1511,0.8041293
1512,0.8126307
1513,0.7842427
1514,0.7893557
1515,0.7868721
1516,0.7775335
1517,0.7815282
1518,0.7796373
1519,0.7621533
1520,0.7781991
1521,0.7789629
1522,0.7603786
1523,0.7382869
1524,0.7385845
1525,0.7151749
1526,0.7263436
1527,0.6964372
1528,0.6905107
1529,0.6874247
1530,0.6610047
1531,0.654438
1532,0.6084982
1533,0.5830607
1534,0.5579664
1535,0.57424
1536,0.5678225
1537,0.5809087
1538,0.630122
1539,0.6848798
1540,0.7194512
1541,0.7751995
1542,0.7956582
1543,0.8068887
1544,0.8025931
1545,0.7926303
1546,0.7929245
1547,0.7901696
1548,0.8138683
1549,0.7706196
1550,0.7632645
1551,0.7984238
1552,0.8083887
1553,0.8149126
1554,0.8054468
1555,0.8259441
1556,0.8395015
1557,0.8325331
1558,0.8463005
1559,0.847182
1560,0.8568209
1561,0.8631726
1562,0.8783631
1563,0.8605366
1564,0.869089
1565,0.8468373
1566,0.8590071
1567,0.866634
1568,0.847015
1569,0.8547176
1570,0.8388011
1571,0.8177624
1572,0.8099993
1573,0.7567815
1574,0.7991291
1575,0.7590517
1576,0.7711405
1577,0.7899336
1578,0.7926691
1579,0.8153273
1580,0.792204
1581,0.8010682
1582,0.8070333
1583,0.806801
1584,0.8046632
1585,0.7876872
1586,0.7917481
1587,0.8050041
1588,0.7868054
1589,0.798919
1590,0.8026928
1591,0.8066894
1592,0.8042964
1593,0.7954855
1594,0.7537577
1595,0.7889919
1596,0.8342512
1597,0.8462195
1598,0.85053
1599,0.8507681
1600,0.8604163
1601,0.8709781
1602,0.8884746
1603,0.8788199
1604,0.8767684
1605,0.8872108
1606,0.8994229
1607,0.8773751
1608,0.8550755
1609,0.8359024
1610,0.8279597
1611,0.805696
1612,0.8021712
1613,0.8316892
1614,0.8784638
1615,0.8588005
1616,0.8224858
1617,0.847221
1618,0.8506923
1619,0.865278
1620,0.8549757
1621,0.8495765
1622,0.8561179
1623,0.8371006
1624,0.821838
1625,0.8134031
1626,0.8156724
1627,0.7842765
1628,0.7845618
1629,0.7596583
1630,0.756532
1631,0.749761
1632,0.727176
1633,0.7878229
1634,0.7658169
1635,0.7791737
1636,0.7953746
1637,0.7841802
1638,0.8008469
1639,0.8110589
1640,0.8203713
1641,0.8222011
1642,0.8117698
1643,0.8345314
1644,0.807787
1645,0.8046082
1646,0.8228374
1647,0.7758369
1648,0.730303
1649,0.6675115
1650,0.6067287
1651,0.4346528
1652,0.3960186
1653,0.4213943
1654,0.3928279
1655,0.4727168
1656,0.5154721
1657,0.5929056
1658,0.6528746
1659,0.6479152
1660,0.6723003
1661,0.6220213
1662,0.5831735
1663,0.5736091
1664,0.5566695
1665,0.552308
1666,0.5430339
1667,0.505798
1668,0.5118824
1669,0.4681693
1670,0.452754
1671,0.4571638
1672,0.4472197
1673,0.4677912
1674,0.510884
1675,0.4661943
1676,0.5119445
1677,0.5029545
1678,0.4974869
1679,0.4892748
1680,0.4727198
1681,0.4701894
1682,0.506512
1683,0.4729957
1684,0.4547865
1685,0.5097405
1686,0.6118342
1687,0.5971606
1688,0.6264975
1689,0.6755033
1690,0.6965224
1691,0.7144481
1692,0.6872185
1693,0.6661432
1694,0.6097804
1695,0.6235739
1696,0.6413014
1697,0.6901536
1698,0.657589
1699,0.663373
1700,0.6306846
1701,0.6084712
1702,0.5535806
1703,0.5399275
1704,0.4569893
1705,0.3731833
1706,0.4197007
1707,0.4370286
1708,0.4437767
1709,0.497089
1710,0.5879448
1711,0.6581753
1712,0.7259226
1713,0.7921714
1714,0.8306291
1715,0.85551
1716,0.846109
1717,0.8182723
1718,0.7511294
1719,0.7955037
1720,0.8362677
1721,0.8313737
1722,0.8149202
1723,0.8169942
1724,0.8039755
1725,0.7918074
1726,0.7428652
1727,0.7414954
1728,0.7213087
1729,0.7673753
1730,0.7757734
1731,0.7572618
1732,0.7531409
1733,0.7284729
1734,0.7305392
1735,0.6385456
1736,0.648577
1737,0.6605359
1738,0.6162684
1739,0.6439426
1740,0.5563806
1741,0.5412387
1742,0.508988
1743,0.4720381
1744,0.4373159
1745,0.4757965
1746,0.4163397
1747,0.4508801
1748,0.4555113
1749,0.4752664
1750,0.4804211
1751,0.5224594
1752,0.6045964
1753,0.674944
1754,0.6670178
1755,0.6774734
1756,0.6837906
1757,0.6913109
1758,0.7359704
1759,0.7265387
1760,0.7414126
1761,0.7596869
1762,0.7646415
1763,0.777173
1764,0.7819114
1765,0.7804519
1766,0.7575372
1767,0.7393321
1768,0.7659465
1769,0.8056012
1770,0.773022
1771,0.78415
1772,0.7977032
1773,0.7867149
1774,0.8112901
1775,0.8155978
1776,0.8032227
1777,0.7912583
1778,0.7939736
1779,0.8101519
1780,0.7583386
1781,0.7484
1782,0.7911808
1783,0.8080492
1784,0.7868051
1785,0.7897004
1786,0.7840449
1787,0.7405898
1788,0.7463198
1789,0.7229353
1790,0.7040016
1791,0.6931208
1792,0.66996
1793,0.687665
1794,0.7452968
1795,0.7094601
1796,0.6808969
1797,0.6994794
1798,0.7278413
1799,0.739725
1800,0.7544804
1801,0.77944
1802,0.8045405
1803,0.8809586
1804,0.9282933
1805,0.891203
1806,0.9191279
1807,0.923808
1808,0.9225451
1809,0.8855707
1810,0.8999791
1811,0.9136894
1812,0.9052469
1813,0.8933334
1814,0.9036137
1815,0.9179854
1816,0.910732
1817,0.9058905
1818,0.8947463
1819,0.8586239
1820,0.9205605
1821,0.8630425
1822,0.8527052
1823,0.8692038
1824,0.8537801
1825,0.8272477
1826,0.8207571
1827,0.8355717
1828,0.7877369
1829,0.7852058
1830,0.7944421
1831,0.7804989
1832,0.7962706
1833,0.7380624
1834,0.7202698
1835,0.7380331
1836,0.744621
1837,0.7303214
1838,0.6503224
1839,0.6990492
1840,0.7096992
1841,0.6673588
1842,0.672341
1843,0.6959767
1844,0.7779691
1845,0.8167015
1846,0.859252
1847,0.8539149
1848,0.8388104
1849,0.8234152
1850,0.8740557
1851,0.8729462
1852,0.8601999
1853,0.8648949
1854,0.8808267
1855,0.8226222
1856,0.8187823
1857,0.8284829
1858,0.8373501
1859,0.8090616
1860,0.789148
1861,0.7814752
1862,0.7771383
1863,0.8126241
1864,0.7804937
1865,0.7476745
1866,0.7591428
1867,0.7641284
1868,0.7848374
1869,0.7951851
1870,0.777155
1871,0.7736483
1872,0.771484
1873,0.7598875
1874,0.7422767
1875,0.708622
1876,0.7047259
1877,0.7067842
1878,0.7162326
1879,0.7006045
1880,0.7163552
1881,0.6302913
1882,0.6962754
1883,0.6129051
1884,0.5516897
1885,0.6421609
1886,0.5385411
1887,0.5003633
1888,0.6066642
1889,0.7203927
1890,0.7267365
1891,0.7591286
1892,0.7822597
1893,0.8380306
1894,0.8464826
1895,0.8518225
1896,0.869893
1897,0.8606443
1898,0.8741148
1899,0.9143638
1900,0.8919622
1901,0.8924946
1902,0.8992502
1903,0.889012
1904,0.9299646
1905,0.9027726
1906,0.9197398
1907,0.9002895
1908,0.8967361
1909,0.8894755
1910,0.8864821
1911,0.8649485
1912,0.8917797
1913,0.8944249
1914,0.8748425
1915,0.8862275
1916,0.9093259
1917,0.8892553
1918,0.904874
1919,0.8968212
1920,0.903468
1921,0.9151601
1922,0.9270636
1923,0.9074088
1924,0.9245415
1925,0.9203482
1926,0.9235425
1927,0.9263961
1928,0.9134005
1929,0.9192345
1930,0.9220439
1931,0.9330655
1932,0.9076024
1933,0.9410127
1934,0.9274097
1935,0.9220583
1936,0.9134163
1937,0.9187894
1938,0.9279148
1939,0.9083498
1940,0.8862132
1941,0.9217977
1942,0.9061558
1943,0.9271635
1944,0.8662175
1945,0.8600071
1946,0.8194509
1947,0.8499615
1948,0.8060503
1949,0.757243
1950,0.7079061
1951,0.6637551
1952,0.6416418
1953,0.6550386
1954,0.5883791
1955,0.5895966
1956,0.5937694
1957,0.598298
1958,0.646127
1959,0.6573924
1960,0.6690606
1961,0.6593128
1962,0.7266316
1963,0.6822748
1964,0.695507
1965,0.6647588
1966,0.6539758
1967,0.5644161
1968,0.598228
1969,0.6026506
1970,0.7387167
1971,0.7298723
1972,0.7740302
1973,0.8128132
1974,0.7822143
1975,0.8034313
1976,0.797042
1977,0.8175977
1978,0.8479841
1979,0.8458174
1980,0.8452578
1981,0.8279759
1982,0.8580334
1983,0.872921
1984,0.8716854
1985,0.868656
1986,0.8689219
1987,0.8510388
1988,0.8064728
1989,0.8135266
1990,0.7756298
1991,0.8162322
1992,0.7376193
1993,0.8034315
1994,0.8198121
1995,0.8239527
1996,0.8277162
1997,0.8294075
1998,0.8212742
1999,0.8311448
2000,0.8282518
2001,0.8273292
2002,0.8092689
2003,0.7961485
2004,0.7708064
2005,0.7963091
2006,0.812474
2007,0.7799423
2008,0.7644871
2009,0.7497815
2010,0.7256689
2011,0.7492932
2012,0.7882785
2013,0.7708705
2014,0.7714006
2015,0.7691996
2016,0.7687801
2017,0.7509562
2018,0.7492393
2019,0.7720611
2020,0.7785954
2021,0.7667141
2022,0.7577037
2023,0.7450584
2024,0.7576662
2025,0.7436671
2026,0.6976663
2027,0.6749303
2028,0.6712738
2029,0.6529539
2030,0.6171481
2031,0.5883543
2032,0.5681849
2033,0.5540512
2034,0.5917188
2035,0.6341698
2036,0.6335214
2037,0.6221374
2038,0.6028801
2039,0.6092262
2040,0.5614805
2041,0.5797259
2042,0.5677018
2043,0.5475627
2044,0.5179496
2045,0.5032448
2046,0.4906789
2047,0.4952331
2048,0.4875317
2049,0.4394544
2050,0.5178395
2051,0.5034472
2052,0.5501046
2053,0.5538069
2054,0.5651978
2055,0.6174903
2056,0.6065019
2057,0.6565151
2058,0.6199844
2059,0.6156786
2060,0.5794898
2061,0.5657884
2062,0.5842024
2063,0.5559399
2064,0.5948216
2065,0.5904422
2066,0.6660539
2067,0.6360119
2068,0.6778274
2069,0.698007
2070,0.698103
2071,0.6871991
2072,0.6880945
2073,0.7023734
2074,0.655358
2075,0.6542258
2076,0.6729984
2077,0.6758986
2078,0.6865681
2079,0.7084048
2080,0.6759531
2081,0.6994597
2082,0.7112192
2083,0.7075746
2084,0.6725808
2085,0.6809452
2086,0.7229432
2087,0.7487377
2088,0.7712762
2089,0.7749598
2090,0.8111469
2091,0.8344519
2092,0.826564
2093,0.8271273
2094,0.8345332
2095,0.8373107
2096,0.8341374
2097,0.8578222
2098,0.8475947
2099,0.8188245
2100,0.8324105
2101,0.8075311
2102,0.8240691
2103,0.8382718
2104,0.7800065
2105,0.8107763
2106,0.7791733
2107,0.8174592
2108,0.8184454
2109,0.8496662
2110,0.822035
2111,0.8189883
2112,0.8201545
2113,0.8071599
2114,0.7962954
2115,0.8433039
2116,0.8195195
2117,0.8162795
2118,0.7950361
2119,0.8184121
2120,0.7755212
2121,0.7317692
2122,0.7268508
2123,0.7468687
2124,0.7288032
2125,0.7432744
2126,0.7533066
2127,0.7365397
2128,0.7711406
2129,0.7755894
2130,0.7558846
2131,0.7857287
2132,0.8226315
2133,0.8288444
2134,0.8321895
2135,0.8323831
2136,0.8388327
2137,0.8249184
2138,0.8033966
2139,0.8124993
2140,0.8190076
2141,0.8147947
2142,0.7739643
2143,0.7593243
2144,0.6937138
2145,0.6679128
2146,0.6469244
2147,0.5947636
2148,0.5278988
2149,0.4127808
2150,0.4161232
2151,0.3249754
2152,0.2442749
2153,0.3296592
2154,0.3512503
2155,0.3021233
2156,0.2417695
2157,0.2782464
2158,0.2544888
2159,0.294072
2160,0.2270874
2161,0.2166212
2162,0.242728
2163,0.2491924
2164,0.2663573
2165,0.2490619
2166,0.2872337
2167,0.3036695
2168,0.381442
2169,0.3571922
2170,0.3668563
2171,0.3893139
2172,0.3553921
2173,0.4050227
2174,0.4351949
2175,0.5076295
2176,0.6370779
2177,0.7528278
2178,0.7849987
2179,0.798694
2180,0.8550869
2181,0.8560114
2182,0.8778831
2183,0.9011028
2184,0.8969643
2185,0.8928854
2186,0.8924278
2187,0.8825967
2188,0.8480576
2189,0.8184156
2190,0.9042167
2191,0.8959348
2192,0.8944879
2193,0.8858676
2194,0.8872315
2195,0.8791484
2196,0.8242966
2197,0.7813371
2198,0.7902635
2199,0.8238028
2200,0.8246047
2201,0.825168
2202,0.846911
2203,0.8503816
2204,0.8550016
2205,0.8712403
2206,0.8919248
2207,0.8737339
2208,0.8929355
2209,0.8825257
2210,0.8861475
2211,0.8353034
2212,0.8719984
2213,0.8547643
2214,0.8345618
2215,0.8202299
2216,0.7885596
2217,0.8045808
2218,0.8000156
2219,0.7693211
2220,0.7679966
2221,0.7301821
2222,0.7683029
2223,0.7345325
2224,0.7398476
2225,0.7316569
2226,0.7256913
2227,0.7324001
2228,0.7414716
2229,0.7902672
2230,0.7979441
2231,0.7920045
2232,0.7501352
2233,0.7637201
2234,0.7202247
2235,0.7014868
2236,0.6907519
2237,0.7110217
2238,0.7528689
2239,0.7354738
2240,0.7076486
2241,0.7292402
2242,0.7424304
2243,0.7814593
2244,0.7884005
2245,0.7738397
2246,0.830757
2247,0.804097
2248,0.8058833
2249,0.8617655
2250,0.8960525
2251,0.9007424
2252,0.9170319
2253,0.8821587
2254,0.8978758
2255,0.8802007
2256,0.875259
2257,0.8957691
2258,0.8790281
2259,0.8625314
2260,0.8443926
2261,0.8505471
2262,0.8467228
2263,0.851361
2264,0.8583837
2265,0.8035778
2266,0.8183262
2267,0.8261446
2268,0.8335297
2269,0.8455316
2270,0.8668614
2271,0.8874854
2272,0.9109259
2273,0.9028489
2274,0.9135432
2275,0.9227889
2276,0.9024025
2277,0.907451
2278,0.9018633
2279,0.8831865
2280,0.8789935
2281,0.8674363
2282,0.8737848
2283,0.8466198
2284,0.848936
2285,0.8483889
2286,0.8202826
2287,0.8272163
2288,0.8220891
2289,0.8635102
2290,0.876822
2291,0.8700244
2292,0.8717746
2293,0.8709792
2294,0.8756641
2295,0.873413
2296,0.872886
2297,0.8742483
2298,0.8608451
2299,0.8623524
2300,0.8451463
2301,0.8625972
2302,0.8761511
2303,0.8571627
2304,0.8548473
2305,0.8479016
2306,0.8513953
2307,0.8362071
2308,0.796679
2309,0.7263401
2310,0.7306061
2311,0.7479622
2312,0.7452686
2313,0.7526563
2314,0.7410014
2315,0.6755038
2316,0.6663144
2317,0.6969684
2318,0.6959674
2319,0.6841344
2320,0.7159502
2321,0.7312967
2322,0.7495011
2323,0.7381732
2324,0.6920959
2325,0.6986352
2326,0.6937766
2327,0.6863137
2328,0.652607
2329,0.6805164
2330,0.6706022
2331,0.6452591
2332,0.6285253
2333,0.6302817
2334,0.6214157
2335,0.6339491
2336,0.6306103
2337,0.6891007
2338,0.6773756
2339,0.7157941
2340,0.7386338
2341,0.753135
2342,0.7255075
2343,0.7226238
2344,0.7458211
2345,0.6861994
2346,0.7227831
2347,0.7528428
2348,0.712405
2349,0.6851375
2350,0.6847908
2351,0.6584372
2352,0.6727154
2353,0.6190323
2354,0.5713031
2355,0.5508994
2356,0.5340681
2357,0.4800839
2358,0.4248832
2359,0.4615087
2360,0.5021538
2361,0.4971007
2362,0.4409032
2363,0.4068183
2364,0.4007471
2365,0.3620108
2366,0.2889441
2367,0.2486207
2368,0.2689755
2369,0.268586
2370,0.2471771
2371,0.1314084
2372,0.1138866
2373,0.03882013
2374,0.09040242
2375,0.122319
2376,0.1914938
2377,0.3119209
2378,0.3718238
2379,0.3588997
2380,0.5169425
2381,0.5500899
2382,0.492904
2383,0.5002095
2384,0.505867
2385,0.5290079
2386,0.5115539
2387,0.4786044
2388,0.4925402
2389,0.5082474
2390,0.5162017
2391,0.4681455
2392,0.4574306
2393,0.4769951
2394,0.508867
2395,0.4798237
2396,0.4615545
2397,0.4731913
2398,0.5095542
2399,0.5122216
2400,0.5024524
2401,0.5005819
2402,0.4697931
2403,0.4367917
2404,0.4253856
2405,0.386235
2406,0.4228431
2407,0.4203566
2408,0.4367536
2409,0.4720041
2410,0.4985074
2411,0.5346297
2412,0.5980082
2413,0.6150036
2414,0.6587519
2415,0.6561255
2416,0.6563656
2417,0.674877
2418,0.672292
2419,0.6787447
2420,0.7017459
2421,0.6687591
2422,0.6308447
2423,0.6350476
2424,0.6202226
2425,0.5425272
2426,0.4092178
2427,0.3260095
2428,0.4646381
2429,0.4977049
2430,0.5750585
2431,0.6636454
2432,0.6720613
2433,0.6538271
2434,0.6336411
2435,0.6550684
2436,0.6585907
2437,0.6668769
2438,0.6451882
2439,0.6469988
2440,0.6111006
2441,0.6229806
2442,0.6014499
2443,0.6151634
2444,0.6518164
2445,0.6482697
2446,0.6750171
2447,0.6560026
2448,0.6309211
2449,0.6391984
2450,0.6441776
2451,0.6241201
2452,0.6347526
2453,0.632093
2454,0.6341726
2455,0.644102
2456,0.6167079
2457,0.61937
2458,0.6224698
2459,0.6039663
2460,0.5866504
2461,0.5748193
2462,0.5878157
2463,0.5972276
2464,0.5960467
2465,0.5918289
2466,0.5885873
2467,0.5924053
2468,0.6033919
2469,0.6226703
2470,0.6232871
2471,0.616837
2472,0.6113435
2473,0.5877986
2474,0.5572686
2475,0.5775006
2476,0.5620902
2477,0.5395333
2478,0.5222624
2479,0.4975579
2480,0.5404193
2481,0.5062711
2482,0.4672322
2483,0.4687334
2484,0.4449555
2485,0.4753414
2486,0.481995
2487,0.4859118
2488,0.4539741
2489,0.4546927
2490,0.5581181
2491,0.6142226
2492,0.6871052
2493,0.7254482
2494,0.7408531
2495,0.743454
2496,0.7938817
2497,0.7931678
2498,0.8038316
2499,0.8059305
2500,0.8156292
2501,0.7900816
2502,0.8257395
2503,0.829808
2504,0.8298
2505,0.8321699
2506,0.8487852
2507,0.8259406
2508,0.8110152
2509,0.8368384
2510,0.8524481
2511,0.8583756
2512,0.8718397
2513,0.8782769
2514,0.8817346
2515,0.8784227
2516,0.8853514
2517,0.8904451
2518,0.8910308
2519,0.8947492
2520,0.8611232
2521,0.8618618
2522,0.8637403
2523,0.8418887
2524,0.7909606
2525,0.7597842
2526,0.7817495
2527,0.7239881
2528,0.7269585
2529,0.7313796
2530,0.7440943
2531,0.7348472
2532,0.7284168
2533,0.7130893
2534,0.728305
2535,0.7259459
2536,0.7433013
2537,0.7203943
2538,0.6940805
2539,0.7051008
2540,0.7161354
2541,0.724255
2542,0.705673
2543,0.7163723
2544,0.6978052
2545,0.6529011
2546,0.5405611
2547,0.3584786
2548,0.3804787
2549,0.3019861
2550,0.26099
2551,0.2439317
2552,0.2108687
2553,0.1649292
2554,0.1214339
2555,0.08222526
2556,0.04098662
2557,0.1028233
2558,0.07747934
2559,0.0003134292
2560,-0.05801838
2561,-0.1395254
2562,-0.07100088
2563,-0.09791406
2564,-0.0538453
2565,0.1000178
2566,0.1714588
2567,0.1908175
2568,0.2626203
2569,-0.09817743
2570,-0.3339903
2571,-0.2258831
2572,-0.04446712
2573,-0.1851651
2574,-0.05073662
2575,-0.1632093
2576,-0.2142814
2577,-0.3695247
2578,-0.2423156
2579,-0.1720844
2580,-0.02984846
2581,0.155134
2582,0.0877488
2583,0.1655689
2584,0.1721076
2585,0.231738
2586,0.3326557
2587,0.3520864
2588,0.330047
2589,0.3500852
2590,0.3311611
2591,0.354205
2592,0.383919
2593,0.3881719
2594,0.3406116
2595,0.3766751
2596,0.3444317
2597,0.3535721
2598,0.351238
2599,0.3921981
2600,0.3224792
